0,0,3839.002514095008
0,1,-959.2510619630556
0,30,-959.2510619630556
1,0,-959.2510619630556
1,1,3833.009794547678
1,2,-957.2538353107835
1,31,-957.75366190439
2,1,-957.2538353107835
2,2,3823.0288570755183
2,3,-954.2605932269756
2,32,-955.2597263483688
3,2,-954.2605932269756
3,3,3809.070086769063
3,4,-950.2744501575557
3,33,-951.7718502162214
4,3,-950.2744501575557
4,4,3791.148007624056
4,5,-945.2995536544721
4,34,-947.293662616887
5,4,-945.2995536544721
5,5,3769.281267429344
5,6,-939.3410800602
5,35,-941.8298230709543
6,5,-939.3410800602
6,6,3743.4926183639927
6,7,-932.4052291217964
6,36,-935.3860166624653
7,6,-932.4052291217964
7,7,3713.8088933238123
7,8,-924.4992175401097
7,37,-927.9689481236277
8,7,-924.4992175401097
8,8,3680.260978001934
8,9,-915.631271460857
8,38,-919.5863348585918
9,8,-915.631271460857
9,9,3642.8837787524753
9,10,-905.8106179153804
9,39,-910.2468989135492
10,9,-905.8106179153804
10,10,3601.7161862707426
10,11,-895.0474752199908
10,40,-899.9603579015089
11,10,-895.0474752199908
11,11,3556.801035127755
11,12,-883.3530423438866
11,41,-888.7374148911944
12,11,-883.3530423438866
12,12,3508.1850592011924
12,13,-870.7394872567094
12,42,-876.5897472705809
13,12,-870.7394872567094
13,13,3455.9188430491467
13,14,-857.219934267864
13,43,-863.5299945966605
14,13,-857.219934267864
14,14,3400.056769277272
14,15,-842.8084503707721
14,44,-849.5717454440778
15,14,-842.8084503707721
15,15,3340.6569619540874
15,16,-827.5200306062717
15,45,-834.7295232663207
16,15,-827.5200306062717
16,16,3277.781226133323
16,17,-811.3705824603898
16,46,-819.018771284176
17,16,-811.3705824603898
17,17,3211.494983546223
17,18,-794.3769093127216
17,47,-802.4558364171729
18,17,-794.3769093127216
18,18,3141.8672045307267
18,19,-776.5566929526416
18,48,-785.0579522747374
19,18,-776.5566929526416
19,19,3068.9703362683504
19,20,-757.9284751815333
19,49,-766.8432212247502
20,19,-757.9284751815333
20,20,2992.880227403435
20,21,-738.5116385201843
20,50,-747.8305955581686
21,20,-738.5116385201843
21,21,2913.676049123207
21,22,-718.3263860414191
21,51,-728.0398577693109
22,21,-718.3263860414191
22,22,2831.4402127807452
22,23,-697.3937203489534
22,52,-707.4915999723182
23,22,-697.3937203489534
23,23,2746.258284146592
23,24,-675.7354217243426
23,53,-686.207202475216
24,23,-675.7354217243426
24,24,2658.2188943782085
24,25,-653.3740254647616
24,54,-664.2088115338626
25,24,-653.3740254647616
25,25,2567.41364779992
25,26,-630.3327984351984
25,55,-641.5193163089358
26,25,-630.3327984351984
26,26,2473.9370265893067
26,27,-606.6357148594549
26,56,-618.162325049935
27,26,-606.6357148594549
27,27,2377.886292469204
27,28,-582.3074313751471
27,57,-594.162140530973
28,27,-582.3074313751471
28,28,2279.361385507612
28,29,-557.3732613786589
28,58,-569.5437347639225
29,28,-557.3732613786589
29,29,2178.464820130804
29,59,-544.3327230152249
30,0,-959.2510619630556
30,30,3833.009794547678
30,31,-957.75366190439
30,60,-957.2538353107835
31,1,-957.75366190439
31,30,-957.75366190439
31,31,3827.0264296927303
31,32,-955.7595529419752
31,61,-955.7595529419752
32,2,-955.2597263483688
32,31,-955.7595529419752
32,32,3817.061072559179
32,33,-952.7709833376146
32,62,-953.2708099312208
33,3,-951.7718502162214
33,32,-952.7709833376146
33,33,3803.124092026334
33,34,-948.7910626755526
33,63,-949.7901957969457
34,4,-947.293662616887
34,33,-948.7910626755526
34,34,3785.229989417843
34,35,-943.8239320333691
34,64,-945.3213320920346
35,5,-941.8298230709543
35,34,-943.8239320333691
35,35,3763.3973834131775
35,36,-937.8747596732196
35,65,-939.8688686356344
36,6,-935.3860166624653
36,35,-937.8747596732196
36,36,3737.648990675032
36,37,-930.9497356642966
36,66,-933.4384786750508
37,7,-927.9689481236277
37,36,-930.9497356642966
37,37,3708.0116022128122
37,38,-923.0560654421098
37,67,-926.0368529827786
38,8,-919.5863348585918
38,37,-923.0560654421098
38,38,3674.5160555067873
38,39,-914.201962311284
38,68,-917.6716928948018
39,9,-910.2468989135492
39,38,-914.201962311284
39,39,3637.197202421923
39,40,-904.3966388996777
39,69,-908.3517022974124
40,10,-899.9603579015089
40,39,-904.3966388996777
40,40,3596.0938729447803
40,41,-893.6502975727125
40,70,-898.0865785708812
41,11,-888.7374148911944
41,40,-893.6502975727125
41,41,3551.2488347812023
41,42,-881.9741198178889
41,71,-886.8870024994067
42,12,-876.5897472705809
42,41,-881.9741198178889
42,42,3502.708748856842
42,43,-869.3802546105319
42,72,-874.7646271578398
43,13,-863.5299945966605
43,42,-869.3802546105319
43,43,3450.5241207668123
43,44,-855.8818057728743
43,73,-861.7320657867457
44,14,-849.5717454440778
44,43,-855.8818057728743
44,44,3394.749248225002
44,45,-841.4928183396264
44,74,-847.8028786684229
45,15,-834.7295232663207
45,44,-841.4928183396264
45,45,3335.442164567703
45,46,-826.228263944225
45,75,-832.9915590175307
46,16,-819.018771284176
46,45,-826.228263944225
46,46,3272.6645783703684
46,47,-810.1040252409592
46,76,-817.3135179010083
47,17,-802.4558364171729
47,46,-810.1040252409592
47,47,3206.4818092402957
47,48,-793.1368793791888
47,77,-800.785068202975
48,18,-785.0579522747374
48,47,-793.1368793791888
48,48,3136.9627198520693
48,49,-775.344480546846
48,78,-783.4234076512971
49,19,-766.8432212247502
49,48,-775.344480546846
49,49,3064.1796442964624
49,50,-756.7453416013853
49,79,-765.246600923481
50,20,-747.8305955581686
50,49,-756.7453416013853
50,50,2988.208312817361
50,51,-737.3588148072951
50,80,-746.2735608505118
51,21,-728.0398577693109
51,50,-737.3588148072951
51,51,2909.1277730150096
51,52,-717.2050717002098
51,81,-726.524028738194
52,22,-707.4915999723182
52,51,-717.2050717002098
52,52,2827.0203075975814
52,53,-696.3050820985808
52,82,-706.0185538264724
53,23,-686.207202475216
53,52,-696.3050820985808
53,53,2741.971348766634
53,54,-674.680592284736
53,83,-684.7784719081008
54,24,-664.2088115338626
54,53,-674.680592284736
54,54,2654.0693893255457
54,55,-652.3541023780367
54,84,-662.8258831289103
55,25,-641.5193163089358
55,54,-652.3541023780367
55,55,2563.4058906034184
55,56,-629.3488429236725
55,85,-640.1836289927734
56,26,-618.162325049935
56,55,-629.3488429236725
56,56,2470.0751872902506
56,57,-605.6887507214531
56,86,-616.8752685951905
57,27,-594.162140530973
57,56,-605.6887507214531
57,57,2374.1743892824024
57,58,-581.3984439197482
57,87,-592.9250541102283
58,28,-569.5437347639225
58,57,-581.3984439197482
58,58,2275.8032806404735
58,59,-556.5031964004884
58,88,-568.3579055563142
59,29,-544.3327230152249
59,58,-556.5031964004884
59,59,2175.064215764738
59,89,-543.1993848671441
60,30,-957.2538353107835
60,60,3823.0288570755183
60,61,-955.2597263483688
60,90,-954.2605932269756
61,31,-955.7595529419752
61,60,-955.2597263483688
61,61,3817.061072559179
61,62,-953.2708099312208
61,91,-952.7709833376146
62,32,-953.2708099312208
62,61,-953.2708099312208
62,62,3807.1216646435455
62,63,-950.290022390552
62,92,-950.290022390552
63,33,-949.7901957969457
63,62,-950.290022390552
63,63,3793.22097520796
63,64,-946.3204652134278
63,93,-946.8202918070341
64,34,-945.3213320920346
64,63,-946.3204652134278
64,64,3775.3734678154556
64,65,-941.3662686943
64,94,-942.3654018156931
65,35,-939.8688686356344
65,64,-941.3662686943
65,65,3753.597712663531
65,66,-935.4325876374656
65,95,-936.9299876961311
66,36,-933.4384786750508
66,65,-935.4325876374656
66,66,3727.9163672619966
66,67,-928.5255959935328
66,96,-930.5197049559476
67,37,-926.0368529827786
67,66,-928.5255959935328
67,67,3698.3561528580067
67,68,-920.6524804354706
67,97,-923.1412234462249
68,38,-917.6716928948018
68,67,-920.6524804354706
68,68,3664.947826632802
68,69,-911.8214328809303
68,98,-914.802220421599
69,39,-908.3517022974124
69,68,-911.8214328809303
69,69,3627.7261496990923
69,70,-902.041641968616
69,99,-905.5113725521338
70,40,-898.0865785708812
70,69,-902.041641968616
70,70,3586.7298509323828
70,71,-891.3232834975755
70,100,-895.2783468953103
71,41,-886.8870024994067
71,70,-891.3232834975755
71,71,3542.0015866738668
71,72,-879.6775098393578
71,101,-884.1137908375264
72,42,-874.7646271578398
72,71,-879.6775098393578
72,72,3493.5878963468226
72,73,-867.1164383340536
72,102,-872.0293210155716
73,43,-861.7320657867457
73,72,-867.1164383340536
73,73,3441.539154032696
73,74,-853.6531386822945
73,103,-859.0375112296023
74,44,-847.8028786684229
74,73,-853.6531386822945
74,74,3385.9095160572433
74,75,-839.3016193463271
74,104,-845.1518793601987
75,45,-832.9915590175307
75,74,-839.3016193463271
75,75,3326.756864641282
75,76,-824.0768129743138
75,105,-830.3868733031103
76,46,-817.3135179010083
76,75,-824.0768129743138
76,76,3264.142747674676
76,77,-807.9945608630239
76,106,-814.7578559363296
77,47,-800.785068202975
77,76,-807.9945608630239
77,77,3198.132314676215
77,78,-791.0715964750833
77,107,-798.2810891351324
78,48,-783.4234076512971
78,77,-791.0715964750833
78,78,3128.7942490060314
78,79,-773.3255280279323
78,108,-780.9737168517186
79,49,-765.246600923481
79,78,-773.3255280279323
79,79,3056.2006964010793
79,80,-754.7748201726075
79,109,-762.8537472770587
80,50,-746.2735608505118
80,79,-754.7748201726075
80,80,2980.427189908037
80,81,-735.4387747814109
80,110,-743.9400341035066
81,51,-726.524028738194
81,80,-735.4387747814109
81,81,2901.552571291735
81,82,-715.3375108644567
81,111,-724.2522569076733
82,52,-706.0185538264724
82,81,-715.3375108644567
82,82,2819.6589090008983
82,83,-694.4919436359922
82,112,-703.8109006739764
83,53,-684.7784719081008
83,82,-694.4919436359922
83,83,2734.8314127765343
83,84,-672.923762752275
83,113,-682.6372344801665
84,54,-662.8258831289103
84,83,-672.923762752275
84,84,2647.158344991844
84,85,-650.6554097436468
84,114,-660.7532893670117
85,55,-640.1836289927734
85,84,-650.6554097436468
85,85,2556.7309288158767
85,86,-627.7100546642913
85,115,-638.181835415165
86,56,-616.8752685951905
86,85,-627.7100546642913
86,86,2463.643253296514
86,87,-604.1115719839657
86,116,-614.9463580530667
87,57,-592.9250541102283
87,86,-604.1115719839657
87,87,2367.9921754615198
87,88,-579.8845157467944
87,117,-591.0710336205318
88,58,-568.3579055563142
88,87,-579.8845157467944
88,88,2269.877219539529
88,89,-555.05409402297
88,118,-566.5807042134503
89,59,-543.1993848671441
89,88,-555.05409402297
89,89,2169.4004734058326
89,119,-541.5008518357721
90,60,-954.2605932269756
90,90,3809.070086769063
90,91,-951.7718502162214
90,120,-950.2744501575557
91,61,-952.7709833376146
91,90,-951.7718502162214
91,91,3803.124092026334
91,92,-949.7901957969457
91,121,-948.7910626755526
92,62,-950.290022390552
92,91,-949.7901957969457
92,92,3793.22097520796
92,93,-946.8202918070341
92,122,-946.3204652134278
93,63,-946.8202918070341
93,92,-946.8202918070341
93,93,3779.371040432667
93,94,-942.8652284092994
93,123,-942.8652284092994
94,64,-942.3654018156931
94,93,-942.8652284092994
94,94,3761.5886984536473
94,95,-937.9291208175243
94,124,-938.4289474111306
95,65,-936.9299876961311
95,94,-937.9291208175243
95,95,3739.8924516642746
95,96,-932.0171050146133
95,125,-933.0162381360063
96,66,-930.5197049559476
96,95,-932.0171050146133
96,96,3714.304874846506
96,97,-925.1353324086398
96,126,-926.6327324673052
97,67,-923.1412234462249
97,96,-925.1353324086398
97,97,3684.8525916819863
97,98,-917.2909634323534
97,127,-919.2850723947681
98,68,-914.802220421599
98,97,-917.2909634323534
98,98,3651.566247050312
98,99,-908.4921600928027
98,128,-910.9809031035569
99,69,-905.5113725521338
99,98,-908.4921600928027
99,99,3614.480475143262
99,100,-898.7480774788282
99,129,-901.7288650194971
100,70,-895.2783468953103
100,99,-898.7480774788282
100,100,3573.6338634281788
100,101,-888.0688542352613
100,130,-891.5385848187792
101,71,-884.1137908375264
101,100,-888.0688542352613
101,101,3529.068912498003
101,102,-876.4656020137402
101,131,-880.4206654114749
102,72,-872.0293210155716
102,101,-876.4656020137402
102,102,3480.831991849721
102,103,-863.9503939111204
102,132,-868.3866749092889
103,73,-859.0375112296023
103,102,-863.9503939111204
103,103,3428.9732916372536
103,104,-850.5362519075065
103,133,-855.4491345890247
104,74,-845.1518793601987
104,103,-850.5362519075065
104,104,3373.546770448977
104,105,-836.2371333169818
104,134,-841.6215058642898
105,75,-830.3868733031103
105,104,-836.2371333169818
105,105,3314.610099164216
105,106,-821.0679162651261
105,135,-826.9181762789976
106,76,-814.7578559363296
106,105,-821.0679162651261
106,106,3252.2246009471287
106,107,-805.0443842084381
106,136,-811.3544445372346
107,77,-798.2810891351324
107,106,-805.0443842084381
107,107,3186.4551874404115
107,108,-788.1832095117676
107,137,-794.9465045850733
108,78,-780.9737168517186
108,107,-788.1832095117676
108,108,3117.370291225225
108,109,-770.501936100845
108,138,-777.711428760894
109,79,-762.8537472770587
109,108,-770.501936100845
109,109,3045.041794617606
109,110,-752.0189612079579
109,139,-759.6671500317441
110,80,-743.9400341035066
110,109,-752.0189612079579
110,110,2969.544954875454
110,111,-732.7535162297693
110,140,-740.8324433342206
111,81,-724.2522569076733
111,110,-732.7535162297693
111,111,2890.9583258939247
111,112,-712.7256467171934
111,141,-721.226906039289
112,82,-703.8109006739764
112,111,-712.7256467171934
112,112,2809.363676470688
112,113,-691.9561915181507
112,142,-700.8709375613674
113,83,-682.6372344801665
113,112,-691.9561915181507
113,113,2724.845905226108
113,114,-670.4667610949032
113,143,-679.7857181328874
114,84,-660.7532893670117
114,113,-670.4667610949032
114,114,2637.4929522668663
114,115,-648.2797150385298
114,144,-657.9931867664213
115,85,-638.181835415165
115,114,-648.2797150385298
115,115,2547.39570768494
115,116,-625.4181388039402
115,145,-635.516018427305
116,86,-614.9463580530667
116,115,-625.4181388039402
116,116,2454.647916987146
116,117,-601.9058196896326
116,146,-612.3776004405063
117,87,-591.0710336205318
117,116,-601.9058196896326
117,117,2359.3460835536403
117,118,-577.7672220871876
117,147,-588.6020081562884
118,88,-566.5807042134503
118,117,-577.7672220871876
118,118,2261.5893682268797
118,119,-553.0274620262524
118,148,-564.2139798999899
119,89,-541.5008518357721
119,118,-553.0274620262524
119,119,2161.4794861355053
119,149,-539.2388912319807
120,90,-950.2744501575557
120,120,3791.148007624056
120,121,-947.293662616887
120,150,-945.2995536544721
121,91,-948.7910626755526
121,120,-947.293662616887
121,121,3785.229989417843
121,122,-945.3213320920346
121,151,-943.8239320333691
122,92,-946.3204652134278
122,121,-945.3213320920346
122,122,3775.3734678154556
122,123,-942.3654018156931
122,152,-941.3662686943
123,93,-942.8652284092994
123,122,-942.3654018156931
123,123,3761.5886984536473
123,124,-938.4289474111306
123,153,-937.9291208175243
124,94,-938.4289474111306
124,123,-938.4289474111306
124,124,3743.8900242814866
124,125,-933.5160647296127
124,154,-933.5160647296127
125,95,-933.0162381360063
125,124,-933.5160647296127
125,125,3722.2958606366224
125,126,-927.6318655886985
125,155,-928.1316921823047
126,96,-926.6327324673052
126,125,-927.6318655886985
126,126,3696.8286760842643
126,127,-920.7824724534338
126,156,-921.781605574827
127,97,-919.2850723947681
127,126,-920.7824724534338
127,127,3667.5149690388107
127,128,-912.9750120659717
127,157,-914.4724121246373
128,98,-910.9809031035569
128,127,-912.9750120659717
128,128,3634.385240192446
128,129,-904.2176080302513
128,158,-906.2117169926661
129,99,-901.7288650194971
129,128,-904.2176080302513
129,129,3597.4739607793986
129,130,-894.519372359448
129,159,-897.0081153702023
130,100,-891.5385848187792
130,129,-894.519372359448
130,130,3556.819536708882
130,131,-883.8903959949929
130,160,-886.8711835356618
131,101,-880.4206654114749
131,130,-883.8903959949929
131,131,3512.4642686040334
131,132,-872.3417383070238
131,161,-875.8114688905415
132,102,-868.3866749092889
132,131,-872.3417383070238
132,132,3464.4543077884337
132,133,-859.8854155871932
132,162,-863.840478984928
133,103,-855.4491345890247
133,132,-859.8854155871932
133,133,3412.839608266002
133,134,-846.5343885458077
133,163,-850.9706695439766
134,104,-841.6215058642898
134,133,-846.5343885458077
134,134,3357.673874744227
134,135,-832.3025488263056
134,164,-837.2154315078236
135,105,-826.9181762789976
135,134,-832.3025488263056
135,135,3299.0145067548233
135,136,-817.2047045511061
135,165,-822.5890770984139
136,106,-811.3544445372346
136,135,-817.2047045511061
136,136,3236.9225389299518
136,137,-801.2565649138699
136,166,-807.1068249277413
137,107,-794.9465045850733
137,136,-801.2565649138699
137,137,3171.462577496139
137,138,-784.4747238341998
137,167,-790.7847841629962
138,108,-777.711428760894
138,137,-784.4747238341998
138,138,3102.702733051986
138,139,-766.8766426917932
138,168,-773.6399377650988
139,109,-759.6671500317441
139,138,-766.8766426917932
139,139,3030.7145496996
139,140,-748.4806321580068
139,169,-755.6901248180558
140,110,-740.8324433342206
140,139,-748.4806321580068
140,140,2955.572930603494
140,141,-729.3058331437403
140,170,-736.9540219675266
141,111,-721.226906039289
141,140,-729.3058331437403
141,141,2877.3560600544074
141,142,-709.3721968834633
141,171,-717.4511239879146
142,112,-700.8709375613674
142,141,-709.3721968834633
142,142,2796.145322119135
142,143,-688.7004641761041
142,172,-697.2017234981997
143,113,-679.7857181328874
143,142,-688.7004641761041
143,143,2712.025215961019
143,144,-667.3121438044055
143,173,-676.2268898476223
144,114,-657.9931867664213
144,143,-667.3121438044055
144,144,2625.0832679192044
144,145,-645.2294901551967
144,174,-654.5484471931808
145,115,-635.516018427305
145,144,-645.2294901551967
145,145,2535.4099404381354
145,146,-622.475480063871
145,175,-632.1889517917627
146,116,-612.3776004405063
146,145,-622.475480063871
146,146,2443.0985379420663
146,147,-599.073788907162
146,176,-609.1716685305269
147,117,-588.6020081562884
147,146,-599.073788907162
147,147,2348.2451097525054
147,148,-575.0487659690906
147,177,-585.5205467199643
148,118,-564.2139798999899
148,147,-575.0487659690906
148,148,2250.948350149618
148,149,-550.4254091057182
148,178,-561.260195174819
149,119,-539.2388912319807
149,148,-550.4254091057182
149,149,2151.3094956815657
149,179,-536.4158566088022
150,120,-945.2995536544721
150,150,3769.281267429344
150,151,-941.8298230709543
150,180,-939.3410800602
151,121,-943.8239320333691
151,150,-941.8298230709543
151,151,3763.3973834131775
151,152,-939.8688686356344
151,181,-937.8747596732196
152,122,-941.3662686943
152,151,-939.8688686356344
152,152,3753.597712663531
152,153,-936.9299876961311
152,182,-935.4325876374656
153,123,-937.9291208175243
153,152,-936.9299876961311
153,153,3739.8924516642746
153,154,-933.0162381360063
153,183,-932.0171050146133
154,124,-933.5160647296127
154,153,-933.0162381360063
154,154,3722.2958606366224
154,155,-928.1316921823047
154,184,-927.6318655886985
155,125,-928.1316921823047
155,154,-928.1316921823047
155,155,3700.8262487014763
155,156,-922.2814321684333
155,185,-922.2814321684333
156,126,-921.781605574827
156,155,-922.2814321684333
156,156,3675.5059548289278
156,157,-915.4715452460305
156,186,-915.9713718396368
157,127,-914.4724121246373
157,156,-915.4715452460305
157,157,3646.3613245947245
157,158,-907.7091170513316
157,187,-908.7082501727248
158,128,-906.2117169926661
158,157,-907.7091170513316
158,158,3613.4226827678976
158,159,-899.002224332617
158,188,-900.4996243912826
159,129,-897.0081153702023
159,158,-899.002224332617
159,159,3576.724301758066
159,160,-889.359926546416
159,189,-891.3540355088307
160,130,-886.8711835356618
160,159,-889.359926546416
160,160,3536.3043659552527
160,161,-878.7922564312104
160,190,-881.2809994419647
161,131,-875.8114688905415
161,160,-878.7922564312104
161,161,3492.204931999312
161,162,-867.3102095684459
161,191,-870.2909971091145
162,132,-863.840478984928
162,161,-867.3102095684459
162,162,3444.4718850203144
162,163,-854.9257329417112
162,192,-858.3954635252292
163,133,-850.9706695439766
163,162,-854.9257329417112
163,163,3393.1548908954073
163,164,-841.6517125059922
163,193,-845.6067759037272
164,134,-837.2154315078236
164,163,-841.6517125059922
164,164,3338.3073445718487
164,165,-827.501959779932
164,194,-831.9382407781006
165,135,-822.5890770984139
165,164,-827.501959779932
165,165,3279.986314509962
165,166,-812.491197475049
165,195,-817.4040801565671
166,136,-807.1068249277413
166,165,-812.491197475049
166,166,3218.2524833038337
166,167,-796.6350441768676
166,196,-802.0194167241756
167,137,-790.7847841629962
167,166,-796.6350441768676
167,167,3153.1700845415257
167,168,-779.9499980938951
167,197,-785.8002581077668
168,138,-773.6399377650988
168,167,-779.9499980938951
168,168,3084.806835970513
168,169,-762.4534198913614
168,198,-768.7634802201578
169,139,-755.6901248180558
169,168,-762.4534198913614
169,169,3013.2338690378742
169,170,-744.1635146275756
169,199,-750.9268097008813
170,140,-736.9540219675266
170,169,-744.1635146275756
170,170,2938.525654878553
170,171,-725.0993128117009
170,200,-732.3088054717499
171,141,-717.4511239879146
171,170,-725.0993128117009
171,171,2860.759926828704
171,172,-705.2806506026511
171,201,-712.9288394264374
172,142,-697.2017234981997
172,171,-705.2806506026511
172,172,2780.017599544738
172,173,-684.728149169718
172,202,-692.8070762741693
173,143,-676.2268898476223
173,172,-684.728149169718
173,173,2696.382684812231
173,174,-663.4631932363975
173,203,-671.9644525584932
174,144,-654.5484471931808
174,173,-663.4631932363975
174,174,2609.9422041322887
174,175,-641.5079088297467
174,204,-650.4226548729637
175,145,-632.1889517917627
175,174,-641.5079088297467
175,175,2520.7860981763306
175,176,-618.8851402584185
175,205,-628.2040972964027
176,146,-609.1716685305269
176,175,-618.8851402584185
176,176,2429.007133203495
176,177,-595.618426343329
176,206,-605.3318980712206
177,147,-585.5205467199643
177,176,-595.618426343329
177,177,2334.7008045380435
177,178,-571.7319759256926
177,207,-581.8298555490575
178,148,-561.260195174819
178,177,-571.7319759256926
178,178,2237.9652372071914
178,179,-547.2506426779032
178,208,-557.7224234287768
179,149,-536.4158566088022
179,178,-547.2506426779032
179,179,2138.9010838427557
179,209,-533.0346853125756
180,150,-939.3410800602
180,180,3743.4926183639927
180,181,-935.3860166624653
180,210,-932.4052291217964
181,151,-937.8747596732196
181,180,-935.3860166624653
181,181,3737.648990675032
181,182,-933.4384786750508
181,211,-930.9497356642966
182,152,-935.4325876374656
182,181,-933.4384786750508
182,182,3727.9163672619966
182,183,-930.5197049559476
182,212,-928.5255959935328
183,153,-932.0171050146133
183,182,-930.5197049559476
183,183,3714.304874846506
183,184,-926.6327324673052
183,213,-925.1353324086398
184,154,-927.6318655886985
184,183,-926.6327324673052
184,184,3696.8286760842643
184,185,-921.781605574827
184,214,-920.7824724534338
185,155,-922.2814321684333
185,184,-921.781605574827
185,185,3675.5059548289278
185,186,-915.9713718396368
185,215,-915.4715452460305
186,156,-915.9713718396368
186,185,-915.9713718396368
186,186,3650.358897211936
186,187,-909.2080767663311
186,216,-909.2080767663311
187,157,-908.7082501727248
187,186,-909.2080767663311
187,187,3621.413668558014
187,188,-901.4987575126758
187,217,-901.9985841062821
188,158,-900.4996243912826
188,187,-901.4987575126758
188,188,3588.7003861603444
188,189,-892.8514355674964
188,218,-893.8505686888894
189,159,-891.3540355088307
189,188,-892.8514355674964
189,189,3552.253087943752
189,190,-883.2751084043795
189,219,-884.772508463045
190,160,-881.2809994419647
190,189,-883.2751084043795
190,190,3512.109697048497
190,191,-872.779740119869
190,220,-874.7738490822837
191,161,-870.2909971091145
191,190,-872.779740119869
191,191,3468.3119823715333
191,192,-861.3762510658979
191,221,-863.8649940766521
192,162,-858.3954635252292
192,191,-861.3762510658979
192,192,3420.9055151062857
192,193,-849.0765064872448
192,222,-852.0572940279136
193,163,-845.6067759037272
193,192,-849.0765064872448
193,193,3369.9396213261607
193,194,-835.8933041758355
193,223,-839.3630347593535
194,164,-831.9382407781006
194,193,-835.8933041758355
194,194,3315.467330661143
194,195,-821.8403611547359
194,224,-825.7954245524706
195,165,-817.4040801565671
195,194,-821.8403611547359
195,195,3257.545321120859
195,196,-806.9322994056936
195,225,-811.3685804038624
196,166,-802.0194167241756
196,195,-806.9322994056936
196,196,3196.2338601215365
196,197,-791.1846306550747
196,226,-796.0975133365927
197,167,-785.8002581077668
197,196,-791.1846306550747
197,197,3131.5967417782085
197,198,-774.6137402340294
197,227,-779.9981127813373
198,168,-768.7634802201578
198,197,-774.6137402340294
198,198,3063.7012205274145
198,199,-757.2368700296778
198,228,-763.0871300435493
199,169,-750.9268097008813
199,198,-757.2368700296778
199,199,2992.6179411494663
199,200,-739.0721005450555
199,229,-745.382160873852
200,170,-732.3088054717499
200,199,-739.0721005450555
200,200,2918.420865263084
200,201,-720.1383320864866
200,230,-726.9016271597922
201,171,-712.9288394264374
201,200,-720.1383320864866
201,201,2841.187194368884
201,202,-700.4552650979555
201,231,-707.6647577580046
202,172,-692.8070762741693
202,201,-700.4552650979555
202,202,2760.9972895217998
202,203,-680.0433796629445
202,232,-687.6915684867306
203,173,-671.9644525584932
203,202,-680.0433796629445
203,203,2677.9345877160076
203,204,-658.9239141950594
203,233,-667.0028412995105
204,174,-650.4226548729637
204,203,-658.9239141950594
204,204,2592.085515069358
204,205,-637.1188433396195
204,234,-645.6201026617152
205,175,-628.2040972964027
205,204,-637.1188433396195
205,205,2503.5393968976487
205,206,-614.6508551092048
205,235,-623.5656011524216
206,176,-605.3318980712206
206,205,-614.6508551092048
206,206,2412.388364772308
206,207,-591.543327276949
206,236,-600.8622843149333
207,177,-581.8298555490575
207,206,-591.543327276949
207,207,2318.727260658181
207,208,-567.8203030521415
207,237,-577.5337747800331
208,178,-557.7224234287768
208,207,-567.8203030521415
208,208,2222.6535382311818
208,209,-543.5064660634491
208,238,-553.6043456868139
209,179,-533.0346853125756
209,208,-543.5064660634491
209,209,2124.2671614784686
209,239,-529.0988954266588
210,180,-932.4052291217964
210,210,3713.8088933238123
210,211,-927.9689481236277
210,240,-924.4992175401097
211,181,-930.9497356642966
211,210,-927.9689481236277
211,211,3708.0116022128122
211,212,-926.0368529827786
211,241,-923.0560654421098
212,182,-928.5255959935328
212,211,-926.0368529827786
212,212,3698.3561528580067
212,213,-923.1412234462249
212,242,-920.6524804354706
213,183,-925.1353324086398
213,212,-923.1412234462249
213,213,3684.8525916819863
213,214,-919.2850723947681
213,243,-917.2909634323534
214,184,-920.7824724534338
214,213,-919.2850723947681
214,214,3667.5149690388107
214,215,-914.4724121246373
214,244,-912.9750120659717
215,185,-915.4715452460305
215,214,-914.4724121246373
215,215,3646.3613245947245
215,216,-908.7082501727248
215,245,-907.7091170513316
216,186,-909.2080767663311
216,215,-908.7082501727248
216,216,3621.413668558014
216,217,-901.9985841062821
216,246,-901.4987575126758
217,187,-901.9985841062821
217,216,-901.9985841062821
217,217,3592.6979587775554
217,218,-894.3503952824957
217,247,-894.3503952824957
218,188,-893.8505686888894
218,217,-894.3503952824957
218,218,3560.244073733868
218,219,-885.7716415844382
218,248,-886.2714681780445
219,189,-884.772508463045
219,218,-885.7716415844382
219,219,3524.085781450775
219,220,-876.2712491409493
219,249,-877.2703822623425
220,190,-874.7738490822837
220,219,-876.2712491409493
220,220,3484.260704360033
220,221,-865.859103039067
220,250,-867.3565030977327
221,191,-863.8649940766521
221,220,-865.859103039067
221,221,3440.8102801554696
221,222,-854.5460370386679
221,251,-856.5401460010827
222,192,-852.0572940279136
222,221,-854.5460370386679
222,222,3393.77971867738
222,223,-842.3438223000221
222,252,-844.8325653107763
223,193,-839.3630347593535
223,222,-842.3438223000221
223,223,3343.2179548720214
223,224,-829.2651551359885
223,253,-832.2459426766575
224,194,-825.7954245524706
224,223,-829.2651551359885
224,224,3289.177597875171
224,225,-815.3236438015971
224,254,-818.793374385115
225,195,-811.3685804038624
225,224,-815.3236438015971
225,225,3231.7148762727174
225,226,-800.5337943347614
225,255,-804.4888577324962
226,196,-796.0975133365927
226,225,-800.5337943347614
226,226,3170.8895795952335
226,227,-784.9109954628552
226,256,-789.347276461024
227,197,-779.9981127813373
227,226,-784.9109954628552
227,227,3106.764996107425
227,228,-768.4715025908571
227,257,-773.3843852723752
228,198,-763.0871300435493
228,227,-768.4715025908571
228,228,3039.4078469571614
228,229,-751.2324208877234
228,258,-756.6167934350315
229,199,-745.382160873852
229,228,-751.2324208877234
229,229,2968.888216752624
229,230,-733.2116874885886
229,259,-739.06194750246
230,200,-726.9016271597922
230,229,-733.2116874885886
230,230,2895.279480639798
230,231,-714.4280528313103
230,260,-720.7381131601068
231,201,-707.6647577580046
231,230,-714.4280528313103
231,231,2818.65822795618
231,232,-694.9010611467797
231,261,-701.6643562200854
232,202,-687.6915684867306
232,231,-694.9010611467797
232,232,2739.1041825401526
232,233,-674.6510301232967
232,262,-681.8605227833457
233,203,-667.0028412995105
233,232,-674.6510301232967
233,233,2656.700119778926
233,234,-653.6990297661663
233,263,-661.3472185899525
234,204,-645.6201026617152
234,233,-653.6990297661663
234,234,2571.5317804813676
234,235,-632.0668604745173
234,264,-640.1457875789685
235,205,-623.5656011524216
235,234,-632.0668604745173
235,235,2483.6877816653346
235,236,-609.77703035815
235,265,-618.2782896802458
236,206,-600.8622843149333
236,235,-609.77703035815
236,236,2393.2595243523347
236,237,-586.8527318180173
236,266,-595.767477861234
237,207,-577.5337747800331
237,236,-586.8527318180173
237,237,2300.3410984654456
237,238,-563.3178174147056
237,267,-572.6367744526897
238,208,-553.6043456868139
238,237,-563.3178174147056
238,238,2205.0291849294586
238,239,-539.1967750500238
238,268,-548.9102467779154
239,209,-529.0988954266588
239,238,-539.1967750500238
239,239,2107.4229550750997
239,269,-524.612582110891
240,210,-924.4992175401097
240,240,3680.260978001934
240,241,-919.5863348585918
240,270,-915.631271460857
241,211,-923.0560654421098
241,240,-919.5863348585918
241,241,3674.5160555067873
241,242,-917.6716928948018
241,271,-914.201962311284
242,212,-920.6524804354706
242,241,-917.6716928948018
242,242,3664.947826632802
242,243,-914.802220421599
242,272,-911.8214328809303
243,213,-917.2909634323534
243,242,-914.802220421599
243,243,3651.566247050312
243,244,-910.9809031035569
243,273,-908.4921600928027
244,214,-912.9750120659717
244,243,-910.9809031035569
244,244,3634.385240192446
244,245,-906.2117169926661
244,274,-904.2176080302513
245,215,-907.7091170513316
245,244,-906.2117169926661
245,245,3613.4226827678976
245,246,-900.4996243912826
245,275,-899.002224332617
246,216,-901.4987575126758
246,245,-900.4996243912826
246,246,3588.7003861603444
246,247,-893.8505686888894
246,276,-892.8514355674964
247,217,-894.3503952824957
247,246,-893.8505686888894
247,247,3560.244073733868
247,248,-886.2714681780445
247,277,-885.7716415844382
248,218,-886.2714681780445
248,247,-886.2714681780445
248,248,3528.0833540679864
248,249,-877.7702088559488
248,278,-877.7702088559488
249,219,-877.2703822623425
249,248,-877.7702088559488
249,249,3492.2516901501494
249,250,-868.3556362191257
249,279,-868.8554628127321
250,220,-867.3565030977327
250,249,-868.3556362191257
250,250,3452.786364557748
250,251,-858.0375460597484
250,280,-859.0366791811415
251,221,-856.5401460010827
251,250,-858.0375460597484
251,251,3409.728440665879
251,252,-846.8266742731912
251,281,-848.3240743318567
252,222,-844.8325653107763
252,251,-846.8266742731912
252,252,3363.1227199212053
252,253,-834.7346856874117
252,282,-836.7287946498263
253,223,-832.2459426766575
253,252,-834.7346856874117
253,253,3313.017695226391
253,254,-821.7741619257838
253,283,-824.2629049365381
254,224,-818.793374385115
254,253,-821.7741619257838
254,254,3259.465500483596
254,255,-807.958588316014
254,284,-810.9393758566829
255,225,-804.4888577324962
255,254,-807.958588316014
255,255,3202.5218563495455
255,256,-793.3023398587586
255,285,-796.7720704422766
256,226,-789.347276461024
256,255,-793.3023398587586
256,256,3142.2460122586053
256,257,-777.8206662705438
256,286,-781.7757296682787
257,227,-773.3843852723752
257,256,-777.8206662705438
257,257,3078.7006847741864
257,258,-761.5296761165494
257,287,-765.9659571147181
258,228,-756.6167934350315
258,257,-761.5296761165494
258,258,3011.951992332635
258,259,-744.446320049768
258,288,-749.3592027312861
259,229,-739.06194750246
259,258,-744.446320049768
259,259,2942.0693864474924
259,260,-726.5883731739782
259,289,-731.9727457212861
260,230,-720.7381131601068
260,259,-726.5883731739782
260,260,2869.12557944572
260,261,-707.9744165488819
260,290,-713.8246765627536
261,231,-701.6643562200854
261,260,-707.9744165488819
261,261,2793.1964688110666
261,262,-688.6238178566514
261,291,-694.933878185448
262,232,-681.8605227833457
262,261,-688.6238178566514
262,262,2714.361058213306
262,263,-668.5567112500016
262,292,-675.3200063233072
263,233,-661.3472185899525
263,262,-668.5567112500016
263,263,2632.7013753055126
263,264,-647.7939764027548
263,293,-655.0034690628038
264,234,-640.1457875789685
264,263,-647.7939764027548
264,264,2548.3023863749036
264,265,-626.3572167846971
264,294,-634.0054056084833
265,235,-618.2782896802458
265,264,-626.3572167846971
265,265,2461.251907936054
265,266,-604.2687371833299
265,295,-612.3476642877812
266,236,-595.767477861234
266,265,-604.2687371833299
266,266,2371.6405153584724
266,267,-581.5515204959064
266,296,-590.0527798180023
267,237,-572.6367744526897
267,266,-581.5515204959064
267,267,2279.5614486236123
267,268,-558.2292038158995
267,297,-567.1439498591163
268,238,-548.9102467779154
268,267,-558.2292038158995
268,268,2185.1105153093645
268,269,-534.3260538387826
268,298,-543.6450108767668
269,239,-524.612582110891
269,268,-534.3260538387826
269,269,2088.385990902997
269,299,-519.5804133406074
270,240,-915.631271460857
270,270,3642.8837787524753
270,271,-910.2468989135492
270,300,-905.8106179153804
271,241,-914.201962311284
271,270,-910.2468989135492
271,271,3637.197202421923
271,272,-908.3517022974124
271,301,-904.3966388996777
272,242,-911.8214328809303
272,271,-908.3517022974124
272,272,3627.7261496990923
272,273,-905.5113725521338
272,302,-902.041641968616
273,243,-908.4921600928027
273,272,-905.5113725521338
273,273,3614.480475143262
273,274,-901.7288650194971
273,303,-898.7480774788282
274,244,-904.2176080302513
274,273,-901.7288650194971
274,274,3597.4739607793986
274,275,-897.0081153702023
274,304,-894.519372359448
275,245,-899.002224332617
275,274,-897.0081153702023
275,275,3576.724301758066
275,276,-891.3540355088307
275,305,-889.359926546416
276,246,-892.8514355674964
276,275,-891.3540355088307
276,276,3552.253087943752
276,277,-884.772508463045
276,306,-883.2751084043795
277,247,-885.7716415844382
277,276,-884.772508463045
277,277,3524.085781450775
277,278,-877.2703822623425
277,307,-876.2712491409493
278,248,-877.7702088559488
278,277,-877.2703822623425
278,278,3492.2516901501494
278,279,-868.8554628127321
278,308,-868.3556362191257
279,249,-868.8554628127321
279,278,-868.8554628127321
279,279,3456.78393717496
279,280,-859.5365057747479
279,309,-859.5365057747479
280,250,-859.0366791811415
280,279,-859.5365057747479
280,280,3417.7194264559957
280,281,-849.32320745325
280,310,-849.8230340468564
281,251,-848.3240743318567
281,280,-849.32320745325
281,281,3375.098804323484
281,282,-838.226194708492
281,311,-839.2253278298851
282,252,-836.7287946498263
282,281,-838.226194708492
282,282,3328.9664172148896
282,283,-826.2570138989529
282,312,-827.7544139576183
283,253,-824.2629049365381
283,282,-826.2570138989529
283,283,3279.3702655327806
283,284,-813.4281188674372
283,313,-815.4222278298521
284,254,-810.9393758566829
284,283,-813.4281188674372
284,284,3226.3619537007653
284,285,-799.7528579829456
284,314,-802.2416009936998
285,255,-796.7720704422766
285,284,-799.7528579829456
285,285,3169.9966364694837
285,286,-785.2454602517965
285,315,-788.2262477924653
286,256,-781.7757296682787
286,285,-785.2454602517965
286,286,3110.3329615284993
286,287,-769.921020512453
286,316,-773.3907510959708
287,257,-765.9659571147181
287,286,-769.921020512453
287,287,3047.4330084838152
287,288,-753.7954837294548
287,317,-757.7505471271896
288,258,-749.3592027312861
288,287,-753.7954837294548
288,288,2981.362224264518
288,289,-736.8856284028041
288,318,-741.3219094009729
289,259,-731.9727457212861
289,288,-736.8856284028041
289,289,2912.189355025731
289,290,-719.2090491100614
289,319,-724.1219317915794
290,260,-713.8246765627536
290,289,-719.2090491100614
290,290,2839.9863746187616
290,291,-700.7841381993195
290,320,-706.1685107466275
291,261,-694.933878185448
291,290,-700.7841381993195
291,291,2764.8284097028463
291,292,-681.6300666521038
291,321,-687.4803266659752
292,262,-675.3200063233072
292,291,-681.6300666521038
292,292,2686.7936615764265
292,293,-661.7667641361094
292,322,-668.0768244649058
293,263,-655.0034690628038
293,292,-661.7667641361094
293,293,2605.963324809283
293,294,-641.2148982685322
293,323,-647.9781933418379
294,264,-634.0054056084833
294,293,-641.2148982685322
294,294,2522.4215027601995
294,295,-619.9958531115674
294,324,-627.2053457716165
295,265,-612.3476642877812
295,294,-619.9958531115674
295,295,2436.255120068042
295,296,-598.1317069224535
295,325,-605.7798957462398
296,266,-590.0527798180023
296,295,-598.1317069224535
296,296,2347.553832207331
296,297,-575.6452091812121
296,326,-583.7241362856633
297,267,-567.1439498591163
297,296,-575.6452091812121
297,297,2256.4099322023912
297,298,-552.5597569199837
297,327,-561.0610162420794
298,268,-543.6450108767668
298,297,-552.5597569199837
298,298,2162.9182545971503
298,299,-528.8993703785917
298,328,-537.8141164218084
299,269,-519.5804133406074
299,298,-528.8993703785917
299,299,2067.17607678051
299,329,-514.0076250496478
300,270,-905.8106179153804
300,300,3601.7161862707426
300,301,-899.9603579015089
300,330,-895.0474752199908
301,271,-904.3966388996777
301,300,-899.9603579015089
301,301,3596.0938729447803
301,302,-898.0865785708812
301,331,-893.6502975727125
302,272,-902.041641968616
302,301,-898.0865785708812
302,302,3586.7298509323828
302,303,-895.2783468953103
302,332,-891.3232834975755
303,273,-898.7480774788282
303,302,-895.2783468953103
303,303,3573.6338634281788
303,304,-891.5385848187792
303,333,-888.0688542352613
304,274,-894.519372359448
304,303,-891.5385848187792
304,304,3556.819536708882
304,305,-886.8711835356618
304,334,-883.8903959949929
305,275,-889.359926546416
305,304,-886.8711835356618
305,305,3536.3043659552527
305,306,-881.2809994419647
305,335,-878.7922564312104
306,276,-883.2751084043795
306,305,-881.2809994419647
306,306,3512.109697048497
306,307,-874.7738490822837
306,336,-872.779740119869
307,277,-876.2712491409493
307,306,-874.7738490822837
307,307,3484.260704360033
307,308,-867.3565030977327
307,337,-865.859103039067
308,278,-868.3556362191257
308,307,-867.3565030977327
308,308,3452.786364557748
308,309,-859.0366791811415
308,338,-858.0375460597484
309,279,-859.5365057747479
309,308,-859.0366791811415
309,309,3417.7194264559957
309,310,-849.8230340468564
309,339,-849.32320745325
310,280,-849.8230340468564
310,309,-849.8230340468564
310,310,3379.096376940696
310,311,-839.7251544234915
310,340,-839.7251544234915
311,281,-839.2253278298851
311,310,-839.7251544234915
311,311,3336.9574030050057
311,312,-828.7535470790116
311,341,-829.2533736726177
312,282,-827.7544139576183
312,311,-828.7535470790116
312,312,3291.3463499350582
312,313,-816.9196278885177
312,342,-817.9187610099106
313,283,-815.4222278298521
313,312,-816.9196278885177
313,313,3242.3106756892644
313,314,-804.2357099561145
313,343,-805.7331100147802
314,284,-802.2416009936998
314,313,-804.2357099561145
314,314,3189.9014015186685
314,315,-790.7149908032196
314,344,-792.7090997656344
315,285,-788.2262477924653
315,314,-790.7149908032196
315,315,3134.173058879718
315,316,-776.3715386366397
315,345,-778.8602816473938
316,286,-773.3907510959708
